142
5 896 672
5 864 640
5 1056 640
5 864 608
5 1056 608
5 896 576
5 1024 576
3 800 704
3 1120 704
3 768 672
3 1152 672
3 768 640
3 768 608
3 768 576
3 1152 640
3 1152 608
3 1152 576
3 800 736
3 1120 736
3 832 768
3 1088 768
3 896 800
3 1024 800
3 960 816
5 896 544
5 1024 544
5 960 528
5 1024 672
5 896 704
5 1024 704
5 960 720
0 1344 672
0 1344 640
0 1344 608
0 1344 576
0 1376 704
0 1376 736
0 1408 768
0 1472 800
0 1536 816
0 1600 800
0 1664 768
0 1696 736
0 1696 704
0 1728 672
0 1728 640
0 1728 608
0 1728 576
5 480 640
5 288 640
5 288 608
5 480 608
5 1440 640
5 1632 640
5 1632 608
5 1440 608
5 1472 672
5 1472 704
5 1536 720
5 1600 704
5 1600 672
5 320 672
5 320 704
5 384 720
5 448 704
5 448 672
5 320 576
5 320 544
5 448 576
5 448 544
5 384 528
5 1472 576
5 1472 544
5 1536 528
5 1600 544
5 1600 576
5 960 688
5 1536 688
5 1536 560
5 960 560
5 384 560
5 384 688
0 576 672
0 576 640
0 576 608
0 576 576
0 192 672
0 192 640
0 192 608
0 192 576
0 224 704
0 224 736
0 256 768
0 320 800
0 384 816
0 448 800
0 512 768
0 544 736
0 544 704
1 672 688
1 1248 592
2 1824 592
1 960 992
1 160 976
1 1632 960
1 608 992
1 1280 992
2 416 912
2 704 912
2 1056 864
2 1376 880
1 1824 832
1 96 768
2 672 528
2 64 560
4 224 512
4 256 480
4 320 448
4 384 432
4 448 448
4 512 480
4 544 512
4 224 544
4 544 544
4 800 544
4 800 512
4 832 480
4 896 448
4 960 432
4 1024 448
4 1088 480
4 1120 512
4 1120 544
4 1376 544
4 1376 512
4 1408 480
4 1472 448
4 1536 432
4 1600 448
4 1664 480
4 1696 512
4 1696 544
