212
4 896 960
4 1024 960
0 896 928
0 896 896
0 896 864
0 1024 928
0 1024 896
0 1024 864
1 960 832
0 896 832
0 1024 832
1 896 800
1 1024 800
1 896 768
1 1024 768
1 960 736
0 832 800
0 832 768
0 1088 800
0 1088 768
4 1024 736
4 1024 640
4 1024 608
4 896 736
4 896 640
4 896 608
4 1088 736
4 1152 736
4 832 736
4 768 736
4 1216 768
4 1280 800
4 704 768
4 640 800
4 1088 512
4 832 512
4 1024 576
4 896 576
4 1152 704
4 768 704
4 1216 736
4 704 736
3 1088 672
3 1152 672
3 1216 704
3 1280 736
3 1280 768
3 640 768
3 640 736
3 704 704
3 768 672
3 832 672
3 896 512
3 896 544
3 1024 512
3 1024 544
3 1088 544
3 1088 576
3 1088 608
3 1088 640
3 832 640
3 832 608
3 832 576
3 832 544
4 1152 640
4 1152 608
4 1152 576
4 768 640
4 768 608
4 768 576
4 1216 672
4 1216 640
4 1216 608
4 1280 704
4 1280 672
4 1280 640
4 704 672
4 704 640
4 704 608
4 640 704
4 640 672
4 640 640
1 1024 416
1 896 416
1 832 416
1 1088 416
4 832 480
4 1088 480
3 1024 480
3 896 480
0 1408 544
0 512 544
0 1344 608
0 576 608
2 512 800
2 576 704
2 512 736
2 1408 800
2 1408 736
2 1344 704
2 512 576
2 576 640
2 1344 640
2 1408 576
0 1408 640
0 512 640
0 640 576
0 704 544
0 768 512
0 768 480
0 704 480
0 704 512
0 1152 512
0 1152 480
0 1216 480
0 1216 512
0 1216 544
0 1280 576
0 640 544
0 1280 544
0 1280 512
0 640 512
0 768 448
0 1152 448
4 1472 448
4 448 448
5 1664 960
5 256 960
5 1664 800
5 256 800
5 1664 656
5 256 656
5 256 512
5 1664 512
5 1664 352
5 256 352
0 1408 608
0 512 608
0 960 800
0 960 768
0 832 448
0 896 448
0 1024 448
0 1088 448
0 1088 384
0 1024 384
0 896 384
0 832 384
1 448 960
1 1472 960
1 1472 896
1 448 896
4 448 928
4 1472 928
4 1472 864
4 1344 832
4 1408 864
4 448 864
4 512 864
4 576 832
4 448 480
4 1472 480
4 1472 512
4 1472 544
4 1472 576
4 1472 608
4 1472 640
4 1472 672
4 1472 704
4 1472 736
4 1472 768
4 1472 800
4 1472 832
4 448 832
4 448 800
4 448 768
4 448 736
4 448 704
4 448 672
4 448 640
4 448 608
4 448 576
4 448 544
4 448 512
4 1408 512
4 512 512
4 576 576
4 1344 576
5 864 352
5 1056 352
5 1472 416
5 448 416
5 576 544
5 1344 544
3 960 704
3 960 672
3 960 640
3 960 608
3 1408 832
3 1344 800
3 1344 768
3 512 832
3 576 800
3 576 768
1 512 672
1 576 672
1 1344 672
1 1408 672
1 1408 704
1 512 704
1 960 480
2 960 512
