86
1 1376 496
0 736 880
0 736 784
0 736 688
0 736 592
4 960 592
4 960 656
4 960 688
4 960 880
4 960 848
4 960 784
4 960 752
1 1184 496
1 960 496
1 736 496
1 544 496
5 1568 912
5 1568 848
5 1568 784
5 1568 720
5 1568 656
5 1568 592
5 1568 528
5 1568 464
5 352 912
5 352 848
5 352 784
5 352 720
5 352 656
5 352 592
5 352 528
5 352 464
5 512 560
5 576 560
5 544 528
5 544 464
5 704 560
5 768 560
5 736 528
5 736 464
5 896 560
5 960 560
5 1024 560
5 960 528
5 960 464
5 1152 560
5 1216 560
5 1344 560
5 1408 560
5 1376 528
5 1376 464
5 1184 464
0 1184 592
0 1184 880
0 1184 784
0 1184 688
2 1376 912
2 1184 912
2 960 912
2 736 912
2 544 912
5 1184 528
1 352 976
1 1568 976
1 352 400
1 1568 400
4 544 880
4 544 848
4 544 784
4 544 752
4 544 688
4 544 656
4 544 592
4 1376 880
4 1376 848
4 1376 784
4 1376 752
4 1376 688
4 1376 656
4 1376 592
1 736 848
1 1184 848
1 1184 656
1 736 656
1 736 752
1 1184 752
